7925
44268
44265
88872
90987
52935
9486
30645
85678
44305
74546
47305
45422
74038
74117
3512
46324
45377
42690
62828
10811
11735
26280
26292
26843
26848
26846
26838
26847
20869
1167
1169
1195
14528
14720
14823
30596
28755
28760
20315
88650
30599
9439
51749
30756
42749
9478
90699
90865
3370
33060
45376
45699
45942
83249
73229
90734
45713
46265
91311
89459
74046
45455
44284
45307
89162
46640
80094
45436
47266
84008
9304
73350
49689
30593
59152
14739
77251
47293
80146
45443
88997
46704
9017
1175
47249
80318
44322
46177
46893
46163
58741
9288
47675
46653
74535
45582
80324
45439
88990
90942
90696
76042
9321
45636
45325
90882
44282
74084
47262
85704
47673
90687
46730
47265
90059
982
45915
9546
73322
45181
3395
90855
47853
9307
73271
90606
74522
80096
47855
86073
47317
3428
91125
44241
90746
47252
91191
2734
8017
9564
81038
90505
73268
49394
64937
45765
46129
9314
74047
90896
9539
45697
90786
85715
44312
8974
74042
63198
73897
80132
46397
47242
45158
47315
49387
3425
45657
84179
73256
73933
49661
46132
45644
30650
9480
85629
9444
58546
44256
47303
45320
76719
42706
90955
44277
73938
46652
32042
90978
45725
74534
42715
30744
45272
9325
90788
45640
73896
47246
47857
90885
73225
44253
9503
88414
73319
9308
52936
1617
9328
90680
45293
91078
90924
9305
45856
90878
46045
91165
45631
90904
90053
47261
44237
73888
44269
5654
90862
64463
42724
47291
73440
73218
26474
45382
73275
73893
91105
80526
90801
90880
9464
90011
45660
44315
58737
39664
30647
58724
90979
58748
3380
3461
9315
47875
65926
49399
45718
73892
73254
45334
30631
85602
74539
90917
75363
46421
44243
47879
49733
88991
58624
45844
76292
9473
79266
63729
48145
3419
45359
90983
91102
58738
89109
58744
73920
74529
33025
80125
7902
47292
53019
45358
89519
53198
46793
80299
80092
73912
45278
45302
40769
89105
74116
45314
91260
90634
9485
68489
86195
84167
69234
33901
46065
33042
91479
45176
88412
44249
78690
47289
9472
45576
46466
45596
1018
74065
83208
3422
9471
9497
9324
42700
42719
73911
46216
90672
45372
45633
79264
89032
73342
74533
45842
46307
45655
58572
90779
90050
45585
74132
9476
86150
42696
47251
90749
9552
3446
80100
8003
45579
44292
44236
73272
44261
26476
47256
89072
73221
33009
45245
46226
80104
91364
91408
90017
45558
90657
81239
49730
45836
45355
90883
42731
45564
90658
90982
45929
90959
46979
3508
3491
45400
59149
47309
44297
33021
45435
45635
91084
44321
80106
73253
74023
8021
89070
47259
82169
7941
7995
44955
90681
85151
86127
45444
47881
80126
90965
44354
77262
44945
45653
9032
45728
81392
5764
32095
45005
8929
45167
44301
42737
33004
90898
90901
42714
74055
90922
86054
86083
73439
44260
45590
45246
45656
9322
9498
45698
42718
65765
91465
74516
90512
65953
46428
58603
42698
80529
2316
79648
89047
45319
3364
74028
73889
90701
73902
45351
42727
49354
77338
44263
44302
45279
45781
32997
45153
47272
77314
73355
45171
89439
46239
9514
74545
90857
45589
45407
73345
7924
42705
20316
45322
90707
9470
44238
74070
9519
45925
45695
65766
7277
45658
58736
90897
58729
73247
3407
45794
46057
44293
91378
42085
45588
73921
45401
91224
45737
45712
45637
9487
72952
90782
90945
90961
44331
45266
9466
45571
78988
45610
73269
59235
91348
90956
80142
45615
462
44290
88753
73444
47294
9036
80534
45779
46787
88988
90740
45662
30748
45874
74109
58733
45686
47296
45403
47260
58590
80321
91086
90785
45423
74056
44300
45381
45663
30586
79277
64080
45332
74089
74080
30722
45846
45727
62823
30590
44257
90943
45574
9538
33033
45148
9014
89149
74570
45008
46906
83261
47295
49751
47856
74528
90001
80303
45630
81246
45447
90921
80148
77385
45623
90744
45562
88982
46011
9327
45648
45652
73977
88984
44988
3358
45602
73346
85593
91332
74061
88999
90947
90741
46485
80136
45454
49467
33011
77191
90688
90895
45651
45578
86163
46117
45009
49355
58747
47682
45624
3434
45370
45696
45715
45839
80134
75601
45292
45731
45724
89001
9075
45345
79373
50172
89508
90936
47674
90984
80140
76148
90981
81143
80088
46299
3182
47684
90879
53043
5660
90582
75434
45618
91473
47304
33804
45364
45251
91090
9458
74104
63937
9499
73230
46469
89051
90014
42691
89022
46099
88760
91162
20314
85611
89489
9502
45287
45317
49702
44248
58731
14771
44272
90902
45613
90032
606
45622
9548
73899
48137
47278
9550
44353
91099
50171
47311
91093
90673
14763
89153
47275
9561
7944
74015
47276
42710
90705
47680
44962
46271
45273
90976
91203
9494
90805
3475
33043
73891
79739
46786
80072
91343
44250
73220
45362
90944
49715
90704
90731
76160
80543
78509
83211
30606
45853
74139
7206
90733
30605
46479
90784
90697
90964
90919
79270
9527
73223
90519
77341
80535
30591
73279
90708
45661
79258
9507
45799
42746
74540
45719
80128
30733
3383
30726
59245
44274
74515
52617
42709
44336
45810
47255
42732
79260
77344
9056
78183
52960
9326
90800
82190
90751
45593
46952
73276
44332
44246
90915
58725
45254
45597
47270
90874
90748
33036
75430
44984
80668
26494
3416
91174
47301
90940
45286
89122
755
73929
46303
90790
90803
80118
45616
90941
44239
80312
90859
45607
34283
45598
75984
44317
44324
74066
74108
45629
387
9203
46414
9318
74526
30749
74099
45283
90023
3404
74536
89099
73442
33817
73227
80112
45601
90986
52956
58735
45001
47850
45269
44304
44296
45557
44288
47268
73978
9475
45260
80133
74085
59415
90735
46092
74018
45311
91244
47686
59247
73898
7997
89080
9051
47878
476
9120
46368
9320
89135
1332
8018
62815
77252
32086
47267
88784
90925
42711
45560
30762
90781
47887
90802
90743
58726
7917
53044
44954
9522
7940
30589
47279
49700
68502
74543
46343
83342
33807
45587
91322
74121
42707
3479
90877
91269
86143
90808
90804
74537
47883
45717
65968
45352
63199
90643
42742
88995
44323
9287
79721
30766
90926
45290
45152
91159
3504
44286
7942
9516
73894
79727
45608
42741
90732
47677
49389
44303
89499
77319
45730
45301
45639
45368
80144
73219
49764
47319
89166
33786
9531
44289
47880
73224
7943
74518
45957
45581
9489
86175
45559
9495
9463
9496
47273
45812
32995
45374
44254
78209
90742
74075
45449
45664
45973
47297
45796
73443
8977
73246
33780
7923
73278
53195
49704
48147
90698
45777
91393
85658
47263
33891
46130
90747
83191
42744
45723
46694
86100
47307
79446
45734
74060
9358
42726
47300
44308
9490
45831
9479
30751
3315
46059
46208
9510
73250
62819
47308
91040
33813
14765
73249
44273
46131
88415
45568
91098
45641
47243
45258
47852
45983
45584
91185
45453
33050
3516
45807
88675
73274
46791
44946
3449
74051
3437
88411
44328
59412
73343
90900
45257
74019
45689
44318
91076
74125
90628
45612
47277
53196
73232
74520
72129
44325
45771
44313
89074
73323
45440
446
84130
44358
9533
44276
1330
90861
45267
38132
90789
3361
45331
44299
45484
45570
80307
42745
9040
90906
90806
73251
80660
20319
86091
45577
42712
80130
65973
74010
46284
45760
45367
30598
90518
89139
80120
44346
9508
45605
45813
46109
46075
74143
47124
45580
807
3467
3472
7279
45632
3431
90905
45004
90020
73231
352
7975
9316
8980
44344
90651
90787
45304
45561
65964
9504
33015
45638
91138
90644
45850
30587
47245
80108
45418
49736
91239
47027
74124
44245
82156
74569
90695
45604
45147
45316
74527
89078
89003
3452
80667
45600
73900
45816
90783
46184
45594
9525
80102
47253
45328
74112
90916
89030
45851
89026
32094
58745
45736
91371
45642
90612
45611
47271
73351
49757
91444
44275
74022
74525
90620
44255
3392
90966
30646
90798
46015
45693
45361
77331
47250
7999
86076
89159
45620
9082
9517
90957
47306
73261
77308
58742
45804
44244
79274
9483
33795
46415
75546
45838
45566
90664
59126
3487
91357
32039
91188
58746
90750
76140
42725
58727
91112
84122
44235
91085
47313
45619
3386
80137
73318
45691
80131
73942
46736
73347
74133
46217
90026
90903
73226
9469
47247
45603
45595
90703
90511
90858
46206
80533
45305
45450
80525
45875
3343
45252
90613
44271
83064
74541
44294
30585
80585
90866
45161
79272
74027
46398
45843
9459
45870
45180
45735
86518
50042
47299
90967
81242
74548
46326
74519
45000
33781
44320
3500
45326
9468
1328
91039
63728
91087
45609
44961
9482
46227
45645
42693
44949
47302
59034
45832
59419
90988
45280
47854
80090
75425
83979
82170
73441
80122
89049
47125
3483
7998
45711
47274
63854
45690
74128
90702
90635
45277
44295
74129
90927
44314
8001
46442
90918
81245
90886
88948
47679
44266
46739
49391
1204
45733
77364
76050
73353
79262
90856
45175
73248
3443
90937
59146
9329
2727
45626
46789
90041
62826
45313
45446
44309
45556
73259
5649
73228
45270
79268
45769
48498
90044
47290
47258
45847
83200
958
73928
91092
44234
56504
74032
561
46246
80098
45295
83207
3352
9520
9537
88664
44240
45835
47298
47312
73222
73943
65767
50033
46234
75986
73934
90948
33023
90565
51719
46584
53199
9477
45335
74547
89127
47681
45614
62758
45654
90035
80114
73255
82155
9535
44341
65958
44298
64074
46012
8020
45687
83201
45694
90946
83238
45714
45649
88413
90963
80124
77228
46290
28759
46279
79549
79615
32035
90854
48151
42689
77261
44264
80486
45692
74009
44349
44259
91097
1334
63200
88986
45373
42736
44262
90574
90958
85653
45157
33003
74113
90923
45390
45380
80492
89057
91148
9556
3464
90920
45424
90029
45572
45867
3355
90864
32998
44310
45261
45162
88966
73890
74037
47269
47851
50035
44270
47310
7945
73273
73252
74523
91096
75421
44985
45296
44342
89169
33057
49492
9500
51726
74076
45392
3496
45255
91206
74033
45869
50034
73257
80138
58732
46407
89055
91385
3401
89091
91212
7238
90899
46401
47241
45802
46173
45369
73267
90008
80129
44989
47683
45966
80219
45575
32038
82358
8016
84199
9555
45263
46233
47685
33054
45685
74071
47254
91091
77205
45567
47264
44319
90797
90605
90875
74530
45785
45716
45855
90799
45659
47257
45722
634
73280
90807
4562
89546
45569
75364
90980
46134
45837
89534
80110
48497
74041
90960
73895
9524
76469
9530
34286
90650
91435
74144
90907
33785
75600
45168
9462
80473
90579
44251
30747
63939
45721
45406
47244
64084
9534
73258
46016
32041
9460
75550
44281
45977
47876
90962
59238
77206
45947
89561
45583
9532
3440
32084
79742
89024
90706
46008
45565
74079
73260
91079
9299
91077
89131
90665
80116
42729
45621
44280
33013
90047
44995
90881
58548
90627
44307
74105
90939
45726
32993
73266
89509
45526
44357
44252
3373
45493
75779
45308
52958
44291
3455
91223
65784
86186
47316
46133
45732
44327
82175
3398
90745
46391
42740
89116
33024
7920
80480
9488
90876
45299
3389
45599
74524
45344
73277
566
89028
91104
73916
46556
45871
74538
46070
47861
73937
9319
42747
74050
73917
74100
46725
75367
68515
42735
90004
40962
3346
7918
74120
74138
9728
83239
9501
45921
76051
73217
47859
89102
85661
45617
9528
45329
64844
74517
46354
45650
9467
89076
90796
73344
90038
9300
90985
47678
91103
33799
45963
45729
74521
45586
80681
74088
74014
45968
45310
7996
90752
79629
9505
9509
58743
64939
84034
90780
82285
9313
3377
44950
44326
46364
9529
49480
90977
45289
45264
46106
45701
45775
46014
45298
90860
45563
45248
34281
45625
9330
44996
86345
88408
33899
80150
74542
86218
45700
90884
3340
45323
47885
81068
45356
64063
90778
45634
73265
45170
74544
90619
30651
3520
33816
44287
3367
50173
45643
9511
3413
46039
77316
47877
42694
89094
47676
9540
58568
2728
9553
47288
44350
73354
47248
47318
77307
30582
90056
45688
73352
45606
89156
45365
73901
58547
80528
59032
46257
80127
73270
89053
45944
44285
73887
45848
45249
44306
85726
90938
9047
90863
44337
80327
80135
45284
47314
3349
