47305
42749
45699
45713
89459
89162
9304
47293
9017
44322
9288
47675
45582
90942
45325
90882
47673
45181
47317
2734
8017
64937
9539
45697
44312
8974
45158
47315
45657
9480
44256
47303
45320
90955
10811
73938
45725
90885
88414
9305
90878
47291
90880
45660
44315
47875
45718
45334
47879
76292
79266
47292
90634
68489
86195
69234
88412
78690
47289
45576
45596
74065
79264
45655
45585
45579
45558
90657
90883
45564
90658
90959
47309
44297
44321
74023
85151
26843
45444
47881
90965
77262
45653
9032
45728
8929
86054
45590
45656
45698
45319
45781
45589
45322
45695
45658
45588
91224
45737
45712
72952
90945
90961
45266
45571
45610
90956
45615
47294
9036
45662
45874
45686
47296
44300
45663
79277
74080
45727
44257
90943
45574
9014
45008
47295
77385
45623
45562
45648
45652
3358
45602
74061
90947
45651
45578
45009
47682
45624
45696
45715
45731
45724
9075
79373
90936
47674
47684
90879
45618
47304
45364
45613
45622
47311
47680
3475
90944
30606
30605
90964
79270
90519
45661
9507
45719
44274
52617
42709
79260
9056
82190
45593
45597
90874
47301
90940
89122
45616
90941
45607
45598
74066
9203
74099
45601
26838
45269
44296
45557
44288
9475
74018
91244
47686
9051
47878
9120
1332
77252
45560
47887
68502
45587
90877
26280
91269
47883
45717
90643
9287
45608
47677
77319
45730
47319
47880
45581
45559
9496
45664
47297
85658
45723
46694
47307
45734
74060
9358
47300
47308
91040
88415
45568
45584
88411
74019
45689
26848
90628
45612
44325
44313
1330
45267
44299
26846
45484
45570
9040
45577
74010
45760
90518
89139
45605
45580
807
8980
90651
45304
45561
90644
47027
45604
45600
45594
45328
45851
45736
90612
45611
44275
74022
90966
45693
45620
9082
90957
47306
77308
79274
45566
90664
47313
45619
45691
73942
45603
45595
45305
3343
90613
44271
45161
79272
45870
45180
45735
86518
47299
90967
45326
91039
45609
26847
44949
47302
59034
45711
45690
74128
90635
44295
74129
44314
90886
47679
45733
77364
79262
90937
45626
45556
26292
45270
79268
47290
47298
47312
73943
90948
46584
45335
89127
47681
45614
45654
44298
8020
45687
45694
90946
45714
45649
88413
90963
77261
45692
74009
1334
90958
85653
45157
91148
45572
45162
88966
44270
47310
91206
91212
47683
45575
47685
45685
45567
90875
45716
45659
45722
89546
45569
89534
90960
90650
45721
47876
90962
89561
45583
46008
45565
74079
9299
90665
45621
90881
90627
90939
45726
91223
47316
45732
82175
90876
3389
45599
45871
73937
74100
68515
9728
85661
45617
45329
45650
11735
9300
47678
45729
45586
45968
44950
44326
45701
45563
45625
88408
45700
90884
45323
47885
44287
3367
47877
47676
47288
47318
77307
45688
45606
45365
59032
45848
90938
9047
47314
