47305
42749
89459
9304
47293
9017
9288
47317
9539
8974
47315
45657
47303
10811
9305
47291
45660
76292
47292
68489
86195
69234
78690
47289
79264
45655
47309
85151
26843
45444
45653
9032
8929
86054
45656
45781
45658
72952
47294
9036
45662
47296
45663
9014
47295
77385
45648
45652
45651
9075
79373
47304
45364
47311
45661
52617
42709
9056
82190
47301
9203
26838
9051
9120
68502
26280
9287
77319
47319
9496
45664
47297
85658
46694
47307
9358
47300
47308
26848
26846
45484
9040
45760
807
8980
47027
45851
9082
47306
47313
86518
47299
26847
47302
59034
77364
26292
47290
47298
47312
46584
45654
45649
85653
47310
45659
89546
89534
89561
46008
9299
47316
82175
68515
9728
85661
45650
11735
9300
45968
47288
47318
45365
59032
45848
9047
47314
