9288
45582
9564
9314
45657
10811
45725
88414
45660
79266
68489
88412
78690
45576
79264
45655
45585
9476
45579
45558
45564
45653
9032
45728
45590
45656
45589
9519
45658
44293
45588
45737
45571
45610
45615
45662
30748
45874
45663
45727
45574
20315
45623
45562
45648
45652
45651
45578
45624
45731
45724
9075
45618
45613
45622
9561
79270
45661
30726
9056
78183
26494
45616
30749
45557
9475
45560
45587
26280
30766
45730
45581
45559
9495
45664
33780
45723
45734
91040
88415
45568
45584
88411
26848
45612
45570
45577
45580
8980
45561
45736
45611
45620
9517
79274
45566
45619
44294
79272
45870
45735
33781
91039
45733
45626
45556
45614
45654
9535
45649
88413
1334
45572
9500
45575
45567
45659
45722
45569
30747
45721
45583
45565
9299
45621
45726
45732
45617
45650
9300
45729
45586
9313
45563
45625
88408
9047
88650
