44268
90987
74546
47305
74117
90699
90865
45699
73229
90734
45713
74046
44284
80094
47266
73350
47293
80146
88997
47249
58741
47675
74535
88990
90942
90696
45636
90882
44282
74084
47262
47673
90687
47265
45915
73322
90855
47853
73271
74522
80096
47855
47317
90746
47252
73268
46129
74047
90896
45697
90786
44312
74042
73897
80132
47242
45158
47315
73256
46132
45644
44256
47303
90955
90978
74534
90788
45640
73896
47246
47857
90885
73225
44253
73319
91078
90924
90878
45631
90904
47261
73888
44269
90862
47291
73440
73218
73275
73893
91105
90801
90880
44315
58737
58724
90979
58748
47875
45718
73892
73254
45334
74539
90917
47879
88991
58624
90983
91102
58738
58744
73920
74529
80125
47292
80092
73912
45278
74116
44249
47289
45596
73911
90672
45633
89032
73342
74533
58572
90779
74132
47251
90749
80100
44292
73272
47256
89072
73221
80104
90883
90982
45929
90959
47309
44297
45635
91084
80106
73253
89070
47259
47881
80126
90965
45005
90898
90901
74055
90922
73439
45698
65765
74516
90512
58603
89047
74028
73889
90701
73902
44263
45153
47272
73355
45171
74545
90857
73345
90707
74070
45695
65766
58736
90897
58729
73247
73921
45712
45637
90782
90945
90961
45266
73269
90956
80142
44290
88753
73444
47294
80534
88988
90740
74109
58733
45686
47296
47260
58590
91086
90785
74056
44300
79277
44257
90943
74570
47295
47856
74528
45630
90921
80148
90744
88982
46011
73977
88984
45602
73346
88999
90947
90741
80136
90688
90895
58747
47682
45696
45715
80134
89001
90936
47674
90984
80140
90981
80088
47684
90879
47304
91090
73230
89051
89022
88760
44248
58731
90902
73899
47278
91099
47311
91093
90673
47275
47276
90705
47680
90976
9494
90805
73891
44250
73220
90944
90704
90731
78509
90733
90784
90697
90964
90919
73223
80535
73279
90708
79258
74540
45719
80128
44274
74515
47255
79260
90800
90751
45593
73276
90915
58725
45597
47270
90874
90748
47301
90940
90790
90803
80118
90941
90859
45607
45598
74108
45629
74526
74536
73442
73227
80112
45601
90986
58735
47850
45269
44304
44296
44288
47268
73978
80133
74085
59415
90735
74018
47686
73898
89080
47878
47267
90925
90781
47887
90802
90743
58726
47279
74543
90877
90808
90804
74537
47883
45717
88995
90926
45152
44286
73894
45608
90732
47677
44303
45639
80144
73219
47319
44289
47880
73224
74518
9496
47273
90742
74075
45973
47297
73443
73246
73278
90698
47263
46130
90747
47307
47300
73250
47308
73249
46131
91098
45641
47243
47852
73274
73343
90900
74019
45689
91076
47277
73232
74520
44313
89074
73323
84130
1330
90861
45267
90789
44299
90906
90806
73251
80130
74010
80120
44346
45605
74143
45632
90905
45004
73231
44344
90787
45638
47245
80108
74569
90695
45604
74527
89078
89003
45600
73900
90783
45594
9525
80102
47253
45328
90916
89030
89026
58745
45642
47271
73351
44275
74525
90620
90966
90798
46015
45693
47250
90957
47306
73261
58742
58746
90750
58727
84122
91085
47313
80137
73318
45691
80131
73942
73347
74133
90903
73226
47247
45603
45595
90703
90511
90858
80533
44271
74541
90866
45161
74027
47299
90967
74548
74519
1328
91087
45609
45645
47302
90988
47854
80090
73441
80122
89049
45711
47274
45690
90702
45277
44295
90927
44314
90918
90886
47679
76050
73353
79262
90856
73248
90937
44309
73259
73228
45270
79268
48498
47290
47258
91092
74032
80098
47298
47312
73222
73943
65767
90948
45335
74547
47681
80114
73255
44341
44298
46012
45687
45694
90946
83238
45714
90963
80124
90854
44264
45692
74009
91097
88986
90958
45157
90923
45390
89057
90920
90864
44310
45162
88966
73890
47269
47851
44270
47310
73273
73252
74523
91096
44342
51726
74076
45392
74033
73257
80138
58732
89055
90899
47241
73267
80129
47683
45966
45263
47685
45685
74071
47254
91091
47264
90797
90875
74530
45716
90799
47257
73280
90807
90980
46134
80110
48497
74041
90960
73895
9524
74144
90907
44251
47244
73258
46016
45977
47876
90962
89024
90706
46008
73260
91079
91077
80116
90881
90939
73266
44252
44291
47316
46133
90745
90876
45599
74524
73277
89028
91104
74538
47861
83239
76051
73217
47859
45329
74517
89076
90796
73344
90985
47678
91103
45963
74521
45968
90752
58743
90780
90977
45264
45701
46014
90860
80150
74542
45700
90884
47885
90778
45634
73265
45170
74544
90619
44287
45643
47877
47676
58568
47288
73354
47248
47318
45688
73352
45606
73901
80127
73270
89053
44285
73887
90938
90863
80135
47314
